#CHROM	POS	eDNA_change_5_25	fish_change_5_25
NC_039302.1	18137392	0.028117627	0.236542
NC_039302.1	18137417	6.0005E-05	0.027607
NC_039303.1	5279322	0.146061806	0.030675
NC_039303.1	5279324	-0.00102584	-0.207557
NC_039303.1	19153366	0.645077087	0.049853
NC_039303.1	19537179	6.10601E-05	-0.309945
NC_039303.1	19604268	0.353369669	-0.286111
NC_039303.1	19631787	-2.31481E-05	0.003067
NC_039303.1	19631811	0.698635843	-0.244372
NC_039303.1	19649641	0.159482173	-0.180124
NC_039304.1	210051	0.044845372	-0.291011
NC_039304.1	210064	-4.16771E-05	0
NC_039304.1	210392	0.000730125	-0.26676
NC_039304.1	4614399	-0.05286882	-0.390488
NC_039304.1	5855008	0.172623303	-0.2756
NC_039305.1	18605965	-8.75693E-05	-0.47576
NC_039305.1	18606438	-0.247097378	-0.466095
NC_039305.1	18623601	-0.474028173	-0.483107
NC_039306.1	4761965	-3.77803E-05	-0.003623
NC_039306.1	4761973	5.41306E-05	-0.483287
NC_039306.1	4762004	-4.34554E-05	0.014782
NC_039306.1	4762256	-0.000415313	-0.492236
NC_039306.1	4776530	-0.0009048	-0.479916
NC_039306.1	4779426	0.000782442	-0.512614
NC_039306.1	6569251	0.080348554	-0.40254
NC_039306.1	6572405	0.000480959	-0.428277
NC_039307.1	5101740	0.256681761	0.302692
NC_039307.1	5101916	-0.000390361	0.281509
NC_039307.1	5101918	-0.194563391	0.281509
NC_039307.1	18257186	0.03549705	-0.429013
NC_039307.1	20071062	0.123640408	-0.282091
NC_039313.1	11958053	-0.360792944	-0.478866
NC_039313.1	12453281	0.487139655	0.461138
NC_039314.1	5822194	0.001464258	-0.164133
NC_039314.1	31299865	0.000224963	-0.511525
NC_039315.1	7227281	-0.351019377	-0.073939
NC_039315.1	7229248	1.14388E-06	-0.08486
NC_039316.1	10792068	0.22989489	0.075231
NC_039318.1	37053335	-0.01578351	0.059006
NC_039319.1	16249721	-0.221595907	-0.485239
NC_039321.1	8360191	-2.51047E-05	-0.340355
NC_039321.1	8360203	2.95334E-06	-0.337217
NC_039322.1	9118070	-0.201642154	-0.143914
NC_039323.1	7226723	-0.026783086	-0.393385
NC_039323.1	25383274	-0.087285106	0.358964
NC_039323.1	25493724	0.000758441	-0.376921
NC_039323.1	25627794	0.144631883	-0.435818
NC_039323.1	25655020	-0.004309409	-0.421711
NC_039323.1	25658407	0.141986091	-0.428158
NC_039323.1	25658413	-0.000198481	0.003067
NC_039323.1	25961280	-0.000837393	-0.443103
NC_039323.1	26003885	-0.243098965	-0.426084
NC_039323.1	26003914	-0.215426551	-0.442963
NC_039323.1	26064004	0.002727645	-0.390365
NC_039323.1	26103780	-0.325098753	-0.449207
NC_039323.1	26120982	-0.100058425	0.407273
NC_039323.1	26122873	0.000297183	0.400161
NC_039323.1	26122894	-0.001185827	0.419837
NC_039323.1	26387865	-0.000302683	0
NC_039323.1	26387866	0.002092915	0
NC_039323.1	26387892	-0.318111089	-0.272775
NC_039323.1	26589565	0.011154347	-0.276756
NC_039323.1	26646666	-3.94033E-05	0.002512
NC_039323.1	26646679	0.015425128	0.28192
NC_039323.1	26646729	-2.46216E-06	0
NC_039323.1	31202750	-0.305366385	-0.20889
NC_039323.1	31218586	-0.116208041	-0.215838
NC_039323.1	31218590	0.040565235	0.131003
NC_039323.1	38367202	-0.294642524	-0.352475
NC_039323.1	38371703	-0.299417053	-0.362453
NC_039323.1	38371714	-0.30007433	-0.371947