sampleID	Depth	Depth_m	Depth_m(Nablank)	Admix_71_Pop1	Admix_71_Pop2	Admix_All_Pop1	Admix_All_Pop2	PC1_AllSNPs
CMASS6169436	0-5m	3	3	0.749444	0.250556	0.461271	0.538729	0.00631714
CMASS6169437	0-5m	3	3	0.121973	0.878027	0.00001	0.99999	-0.0252305
CMASS6169438	0-5m	3	3	0.490544	0.509456	0.203409	0.796591	-0.0114464
CMASS6169439	0-5m	3	3	0.451471	0.548529	0.034101	0.965899	-0.021436
CMASS6169441	0-5m	3	3	0.00001	0.99999	0.00001	0.99999	-0.0364225
CMASS6169442	0-5m	3	3	0.003373	0.996627	0.00001	0.99999	-0.0327204
CMASS6169443	0-5m	3	3	0.00001	0.99999	0.020513	0.979487	-0.0297483
CMASS6169444	0-5m	3	3	0.256212	0.743788	0.035614	0.964386	-0.030777
CMASS6169445	0-5m	3	3	0.668689	0.331311	0.00001	0.99999	-0.0356149
CMASS6169446	0-5m	3	3	0.00001	0.99999	0.00001	0.99999	-0.0497649
CMASS6169448	5-10m	7	7	0.420907	0.579093	0.059981	0.940019	-0.0278372
CMASS6169449	5-10m	7	7	0.660391	0.339609	0.00001	0.99999	-0.0291079
CMASS6169450	5-10m	7	7	0.00001	0.99999	0.056976	0.943024	-0.022736
CMASS6169451	5-10m	7	7	0.029814	0.970186	0.030451	0.969549	-0.0300683
CMASS6169452	5-10m	7	7	0.560273	0.439727	0.00001	0.99999	-0.0486596
CMASS6169453	5-10m	7	7	0.527008	0.472992	0.259625	0.740375	-0.00867373
CMASS6169454	5-10m	7	7	0.166544	0.833456	0.204206	0.795794	-0.00642281
CMASS6169455	5-10m	7	7	0.205345	0.794655	0.08905	0.91095	-0.0218448
CMASS6169456	0-5m	3	3	0.00001	0.99999	0.157067	0.842933	-0.0158266
CMASS6169457	0-5m	3	3	0.445775	0.554225	0.465206	0.534794	0.00932434
CMASS6169458	0-5m	3	3	0.693986	0.306014	0.00001	0.99999	-0.0250528
CMASS6169459	0-5m	3	3	0.707161	0.292839	0.46881	0.53119	0.00771761
CMASS6169460	0-5m	3	3	0.267731	0.732269	0.083148	0.916852	-0.021976
CMASS6169461	0-5m	3	3	0.482085	0.517915	0.00001	0.99999	-0.0399273
CMASS6169462	5-10m	7	7	0.050066	0.949934	0.342908	0.657092	-0.00261115
CMASS6169463	5-10m	7	7	0.00001	0.99999	0.048616	0.951384	-0.0242348
CMASS6169464	5-10m	7	7	0.869998	0.130002	0.664685	0.335315	0.0189658
CMASS6169465	5-10m	7	7	0.329198	0.670802	0.096121	0.903879	-0.0200196
CMASS6169466	5-10m	7	7	0.19818	0.80182	0.255829	0.744171	-0.00687903
CMASS6169467	5-10m	7	7	0.393568	0.606432	0.388475	0.611525	-0.000931916
CMASS6169468	5-10m	7	7	0.260345	0.739655	0.195057	0.804943	-0.0166839
CMASS6169469	10-15m	12	12	0.99999	0.00001	0.918374	0.081626	0.0438059
CMASS6169470	10-15m	12	12	0.499807	0.500193	0.59464	0.40536	0.0175623
CMASS6169471	10-15m	12	12	0.680601	0.319399	0.520005	0.479995	0.00914579
CMASS6169472	20-25m	22	22	0.195983	0.804017	0.00001	0.99999	-0.0642675
CMASS6169473	20-25m	22	22	0.769737	0.230263	0.458247	0.541753	0.00797188
CMASS6169474	20-25m	22	22	0.554256	0.445744	0.493462	0.506538	0.0111177
CMASS6169475	20-25m	22	22	0.566602	0.433398	0.592701	0.407299	0.012133
CMASS6169476	5-10m	7	7	0.778526	0.221474	0.739011	0.260989	0.024205
CMASS6169477	5-10m	7	7	0.657014	0.342986	0.769931	0.230069	0.0300523
CMASS6169478	5-10m	7	7	0.021163	0.978837	0.214643	0.785357	-0.0138198
CMASS6169479	10-15m	12	12	0.463108	0.536892	0.442695	0.557305	0.00543967
CMASS6169480	10-15m	12	12	0.535443	0.464557	0.327418	0.672582	-0.00821365
CMASS6169481	10-15m	12	12	0.180671	0.819329	0.514677	0.485323	0.00815283
CMASS6169482	10-15m	12	12	0.874832	0.125168	0.552703	0.447297	0.0139043
CMASS6169483	10-15m	12	12	0.99999	0.00001	0.99999	0.00001	0.0554012
CMASS6169484	15-20m	18	18	0.30146	0.69854	0.300958	0.699042	-0.00394436
CMASS6169485	20-25m	22	22	0.708888	0.291112	0.772228	0.227772	0.0264763
CMASS6169486	15-20m	18	18	0.599489	0.400511	0.588263	0.411737	0.0146074
CMASS6169487	15-20m	18	18	0.752163	0.247837	0.99999	0.00001	0.0531719
CMASS6169488	15-20m	18	18	0.99999	0.00001	0.99999	0.00001	0.0448255
CMASS6169489	20-25m	22	22	0.468557	0.531443	0.439417	0.560583	0.00782083
CMASS6169490	20-25m	22	22	0.935398	0.064602	0.695359	0.304641	0.0227515
CMASS6169491	20-25m	22	22	0.802861	0.197139	0.552624	0.447376	0.0141483
CMASS6169492	20-25m	22	22	0.778469	0.221531	0.695315	0.304685	0.0289797
CMASS6169493	20-25m	22	22	0.642031	0.357969	0.718758	0.281242	0.0247891
CMASS6169494	20-25m	22	22	0.99999	0.00001	0.99999	0.00001	0.0441339
CMASS6169495	20-25m	22	22	0.99999	0.00001	0.92804	0.07196	0.0391585
CMASS6389720	0-5m	3	3	0.364423	0.635577	0.00001	0.99999	-0.0339907
CMASS6389721	0-5m	3	3	0.313392	0.686608	0.134562	0.865438	-0.0121431
CMASS6389722	0-5m	3	3	0.115283	0.884717	0.00001	0.99999	-0.047677
CMASS6389723	0-5m	3	3	0.264806	0.735194	0.102336	0.897664	-0.0214851
CMASS6389724	0-5m	3	3	0.535193	0.464807	0.725001	0.274999	0.0275919
CMASS6389725	0-5m	3	3	0.410525	0.589475	0.00001	0.99999	-0.0325304
CMASS6389726	0-5m	3	3	0.149298	0.850702	0.195805	0.804195	-0.0137684
CMASS6389727	0-5m	3	3	0.00001	0.99999	0.00001	0.99999	-0.0354729
CMASS6389728	0-5m	3	3	0.312301	0.687699	0.31718	0.68282	-0.00466464
CMASS6389729	0-5m	3	3	0.522986	0.477014	0.00001	0.99999	-0.0335084
CMASS6389730	0-5m	3	3	0.695867	0.304133	0.034621	0.965379	-0.026008
CMASS6389731	0-5m	3	3	0.00001	0.99999	0.00001	0.99999	-0.031176
CMASS6389732	0-5m	3	3	0.238884	0.761116	0.00001	0.99999	-0.0392701
CMASS6389733	0-5m	3	3	0.169788	0.830212	0.00001	0.99999	-0.0370358
CMASS6389734	0-5m	3	3	0.00001	0.99999	0.00001	0.99999	-0.0393266
CMASS6389735	0-5m	3	3	0.320997	0.679003	0.00001	0.99999	-0.0452375
CMASS6389736	0-5m	3	3	0.369032	0.630968	0.00001	0.99999	-0.0355201
CMASS6389737	20-25m	22	22	0.99999	0.00001	0.99999	0.00001	0.0503254
CMASS6389738	20-25m	22	22	0.950004	0.049996	0.999205	0.000795	0.0447486
CMASS6389739	20-25m	22	22	0.99999	0.00001	0.99999	0.00001	0.0491811
CMASS6389740	20-25m	22	22	0.607847	0.392153	0.99834	0.00166	0.0464992
CMASS6389741	20-25m	22	22	0.99999	0.00001	0.99999	0.00001	0.0554158
CMASS6389742	20-25m	22	22	0.591537	0.408463	0.99999	0.00001	0.0547156
CMASS6389743	20-25m	22	22	0.531586	0.468414	0.99999	0.00001	0.0564853
CMASS6389744	20-25m	22	22	0.545147	0.454853	0.99999	0.00001	0.0496833
CMASS6389745	20-25m	22	22	0.99999	0.00001	0.99999	0.00001	0.0518878
CMASS6389746	20-25m	22	22	0.737974	0.262026	0.99999	0.00001	0.0506803
CMASS6389747	20-25m	22	22	0.99999	0.00001	0.99999	0.00001	0.0522394
CMASS6389748	20-25m	22	22	0.715129	0.284871	0.99999	0.00001	0.0515925
CMASS6389749	20-25m	22	22	0.9344	0.0656	0.99999	0.00001	0.0512346
CMASS6389750	20-25m	22	22	0.982165	0.017835	0.985937	0.014063	0.0495919
CMASS6389751	20-25m	22	22	0.655655	0.344345	0.99999	0.00001	0.0530567
CMASS6389752	20-25m	22	22	0.966995	0.033005	0.982071	0.017929	0.0490141
CMASS6389753	20-25m	22	22	0.99999	0.00001	0.99999	0.00001	0.0547457
CMASS6389754	20-25m	22	22	0.983441	0.016559	0.99999	0.00001	0.0544274
CMASS6389755	20-25m	22	22	0.629928	0.370072	0.99999	0.00001	0.0468728
CMASS6389756	0-5m	3	3	0.009008	0.990992	0.00001	0.99999	-0.0409942
CMASS6389757	10-15m	12	12	0.449315	0.550685	0.344085	0.655915	-0.00292066
CMASS6389758	10-15m	12	12	0.131726	0.868274	0.071825	0.928175	-0.0222876
CMASS6389759	5-10m	7	7	0.373523	0.626477	0.00001	0.99999	-0.0318333
CMASS6389760	5-10m	7	7	0.121373	0.878627	0.00001	0.99999	-0.0302627
CMASS6389761	5-10m	7	7	0.303121	0.696879	0.00001	0.99999	-0.026101
CMASS6389762	5-10m	7	7	0.511668	0.488332	0.48704	0.51296	0.0095246
CMASS6389763	10-15m	12	12	0.294	0.706	0.00001	0.99999	-0.03699
CMASS6389764	10-15m	12	12	0.295076	0.704924	0.416694	0.583306	0.00304144
CMASS6607981	0-5m	3	3	0.24156	0.75844	0.038496	0.961504	-0.0217105
CMASS6607982	0-5m	3	3	0.00001	0.99999	0.00001	0.99999	-0.0263802
CMASS6607983	0-5m	3	3	0.00001	0.99999	0.00001	0.99999	-0.0459533
CMASS6607984	0-5m	3	3	0.45748	0.54252	0.440222	0.559778	0.00538557
CMASS6607985	0-5m	3	3	0.582724	0.417276	0.420313	0.579687	0.00165771
CMASS6607986	0-5m	3	3	0.178681	0.821319	0.00001	0.99999	-0.038297
CMASS6607987	0-5m	3	3	0.337125	0.662875	0.00001	0.99999	-0.0350754
CMASS6607988	5-10m	7	7	0.3367	0.6633	0.112345	0.887655	-0.022575
CMASS6607989	0-5m	3	3	0.308923	0.691077	0.00001	0.99999	-0.0324419
CMASS6607990	5-10m	7	7	0.548387	0.451613	0.090092	0.909908	-0.0232276
CMASS6607991	10-15m	12	12	0.067493	0.932507	0.00001	0.99999	-0.0239165
CMASS6607992	0-5m	3	3	0.802602	0.197398	0.00001	0.99999	-0.0334199
CMASS6607993	0-5m	3	3	0.315799	0.684201	0.00001	0.99999	-0.0513527
CMASS6607994	5-10m	7	7	0.00001	0.99999	0.00001	0.99999	-0.0286185
CMASS6607995	0-5m	3	3	0.00001	0.99999	0.00001	0.99999	-0.0398191
CMASS6607996	0-5m	3	3	0.302978	0.697022	0.00001	0.99999	-0.0565563
CMASS6607997	5-10m	7	7	0.559805	0.440195	0.001253	0.998747	-0.0278317
CMASS6607998	0-5m	3	3	0.155641	0.844359	0.00001	0.99999	-0.0424888
CMASS6607999	0-5m	3	3	0.070967	0.929033	0.00001	0.99999	-0.041403
CMASS6608000	5-10m	7	7	0.080409	0.919591	0.00001	0.99999	-0.0304773
CMASS6608001	5-10m	7	7	0.864646	0.135354	0.501883	0.498117	0.00737223
CMASS6608002	5-10m	7	7	0.797497	0.202503	0.608286	0.391714	0.0166656
CMASS6608003	5-10m	7	7	0.179562	0.820438	0.00001	0.99999	-0.0402002
CMASS6608004	20-25m	22	22	0.99999	0.00001	0.99999	0.00001	0.0401448
CMASS6608005	15-20m	18	18	0.99999	0.00001	0.99999	0.00001	0.0547708
CMASS6608006	20-25m	22	22	0.908912	0.091088	0.99999	0.00001	0.0492793
CMASS6608007	20-25m	22	22	0.99999	0.00001	0.99999	0.00001	0.0514865
CMASS6608008	20-25m	22	22	0.99999	0.00001	0.99999	0.00001	0.0496678
CMASS6608009	20-25m	22	22	0.99999	0.00001	0.99999	0.00001	0.0500177
CMASS6608010	15-20m	18	18	0.774483	0.225517	0.99999	0.00001	0.0524311
CMASS6608011	20-25m	22	22	0.99999	0.00001	0.955546	0.044454	0.0474879
CMASS6608012	15-20m	18	18	0.99999	0.00001	0.99999	0.00001	0.0528052
CMASS6608013	15-20m	18	18	0.99999	0.00001	0.99999	0.00001	0.0559535
CMASS6608014	20-25m	22	22	0.99999	0.00001	0.988358	0.011642	0.0465392
CMASS6608015	15-20m	18	18	0.99999	0.00001	0.99999	0.00001	0.0473575
CMASS6608016	15-20m	18	18	0.99999	0.00001	0.99999	0.00001	0.054162
CMASS6608017	20-25m	22	22	0.99999	0.00001	0.99999	0.00001	0.0498235
CMASS6608018	15-20m	18	18	0.99999	0.00001	0.995671	0.004329	0.0471411
CMASS6608019	15-20m	18	18	0.69669	0.30331	0.99999	0.00001	0.0524895
CMASS6608020	15-20m	18	18	0.99999	0.00001	0.99999	0.00001	0.0471586
CMASS6608021	15-20m	18	18	0.657871	0.342129	0.99999	0.00001	0.0475642
CMASS6608022	20-25m	22	22	0.99999	0.00001	0.99999	0.00001	0.0451637
CMASS6608023	15-20m	18	18	0.722517	0.277483	0.99999	0.00001	0.0499273
CMASS6608024	15-20m	18	18	0.813124	0.186876	0.99999	0.00001	0.0529014
CMASS6608025	20-25m	22	22	0.497238	0.502762	0.235939	0.764061	-0.0173054
CMASS6608026	15-20m	18	18	0.722201	0.277799	0.99999	0.00001	0.0502282
CMASS6608027	0-5m	3	3	0.526378	0.473622	0.275246	0.724754	-0.003719
CMASS6608028	0-5m	3	3	0.297442	0.702558	0.071738	0.928262	-0.0176232
CMASS6608029	0-5m	3	3	0.468235	0.531765	0.493112	0.506888	0.00688871
CMASS6608030	0-5m	3	3	0.339092	0.660908	0.00001	0.99999	-0.0328613
CMASS6608031	5-10m	7	7	0.354843	0.645157	0.169218	0.830782	-0.0118991
CMASS6608032	0-5m	3	3	0.06774	0.93226	0.228981	0.771019	-0.00913448
CMASS6608033	0-5m	3	3	0.965022	0.034978	0.590736	0.409264	0.0124524
CMASS6608034	0-5m	3	3	0.009187	0.990813	0.00001	0.99999	-0.0303617
CMASS6608035	0-5m	3	3	0.312265	0.687735	0.00001	0.99999	-0.0226418
CMASS6608036	0-5m	3	3	0.130434	0.869566	0.458745	0.541255	0.00775921
CMASS6608037	0-5m	3	3	0.213096	0.786904	0.13005	0.86995	-0.018303
CMASS6608038	0-5m	3	3	0.573727	0.426273	0.280418	0.719582	-0.00533114
CMASS6608039	0-5m	3	3	0.135933	0.864067	0.073818	0.926182	-0.0217581
CMASS6608040	0-5m	3	3	0.123824	0.876176	0.00001	0.99999	-0.0326652
CMASS6608041	0-5m	3	3	0.42571	0.57429	0.176797	0.823203	-0.0184841
CMASS6608042	0-5m	3	3	0.909924	0.090076	0.382355	0.617645	-0.00242424
CMASS6608043	5-10m	7	7	0.601761	0.398239	0.660964	0.339036	0.0212744
CMASS6608044	0-5m	3	3	0.246619	0.753381	0.06218	0.93782	-0.022054
CMASS6608045	5-10m	7	7	0.299293	0.700707	0.230102	0.769898	-0.00901406
CMASS6608046	5-10m	7	7	0.594724	0.405276	0.347578	0.652422	-0.000231184
CMASS6608047	5-10m	7	7	0.99999	0.00001	0.899027	0.100973	0.0349826
CMASS6608048	5-10m	7	7	0.497365	0.502635	0.337281	0.662719	-0.00308419
CMASS6608049	5-10m	7	7	0.397075	0.602925	0.130018	0.869982	-0.0264828
CMASS6608050	5-10m	7	7	0.36533	0.63467	0.00001	0.99999	-0.0280938
CMASS6608051	5-10m	7	7	0.138581	0.861419	0.000166	0.999834	-0.0238797
CMASS6608052	10-15m	12	12	0.351737	0.648263	0.700529	0.299471	0.0217874
CMASS6608053	10-15m	12	12	0.053677	0.946323	0.00001	0.99999	-0.0300298
CMASS6608054	10-15m	12	12	0.404548	0.595452	0.520674	0.479326	0.0128584
CMASS6608055	10-15m	12	12	0.26206	0.73794	0.108971	0.891029	-0.0190606
CMASS6608056	10-15m	12	12	0.344221	0.655779	0.446319	0.553681	-0.00024533
CMASS6608057	10-15m	12	12	0.397863	0.602137	0.00001	0.99999	-0.0324585
CMASS6608058	10-15m	12	12	0.99999	0.00001	0.971961	0.028039	0.0404519
CMASS6608059	15-20m	18	18	0.193421	0.806579	0.314002	0.685998	-0.00310332
CMASS6608060	15-20m	18	18	0.192361	0.807639	0.126916	0.873084	-0.015461
CMASS6608061	20-25m	22	22	0.99999	0.00001	0.754068	0.245932	0.0265954
CMASS6608062	15-20m	18	18	0.33929	0.66071	0.370098	0.629902	0.000341187
CMASS6608063	15-20m	18	18	0.839072	0.160928	0.663471	0.336529	0.0239403
CMASS6608064	20-25m	22	22	0.558053	0.441947	0.644007	0.355993	0.0215635
CMASS6608065	15-20m	18	18	0.367671	0.632329	0.008018	0.991982	-0.0349327
CMASS6608066	15-20m	18	18	0.386929	0.613071	0.341745	0.658255	-0.00322308
CMASS6608067	20-25m	22	22	0.64984	0.35016	0.370443	0.629557	-0.00549719
CMASS6608068	20-25m	22	22	0.21901	0.78099	0.00001	0.99999	-0.0307543
CMASS6608069	20-25m	22	22	0.333002	0.666998	0.386801	0.613199	-0.00128784
CMASS6608070	20-25m	22	22	0.530886	0.469114	0.283572	0.716428	-0.00883322
CMASS6608071	20-25m	22	22	0.428776	0.571224	0.352513	0.647487	-0.00621924
ILBCDS5421970	10-15m	NA		0.99999	0.00001	0.99999	0.00001	0.0501971
ILBCDS5421971	10-15m	NA		0.99999	0.00001	0.99999	0.00001	0.0560275
ILBCDS5421973	10-15m	NA		0.00001	0.99999	0.00001	0.99999	-0.0364766
ILBCDS5421974	10-15m	NA		0.00001	0.99999	0.00001	0.99999	-0.0599784
ILBCDS5421975	10-15m	NA		0.99999	0.00001	0.99999	0.00001	0.057284
ILBCDS5421976	10-15m	NA		0.99999	0.00001	0.99999	0.00001	0.0493625
ILBCDS5421977	10-15m	NA		0.99999	0.00001	0.99999	0.00001	0.0532381
ILBCDS5421978	10-15m	NA		0.99999	0.00001	0.948661	0.051339	0.0427597
ILBCDS5421979	10-15m	NA		0.082699	0.917301	0.00001	0.99999	-0.0426529
ILBCDS5421984	10-15m	NA		0.00001	0.99999	0.00001	0.99999	-0.0419871
ILBCDS5421996	10-15m	NA		0.00001	0.99999	0.00001	0.99999	-0.0427578
ILBCDS5421997	10-15m	NA		0.00001	0.99999	0.00001	0.99999	-0.0400932
ILBCDS5879806	10-15m	NA		0.766786	0.233214	0.563182	0.436818	0.0118105
ILBCDS5879807	10-15m	NA		0.934194	0.065806	0.59005	0.40995	0.0114015
ILBCDS5879808	10-15m	NA		0.694186	0.305814	0.532433	0.467567	0.0108973
ILBCDS5879809	10-15m	NA		0.424955	0.575045	0.536025	0.463975	0.00878451
ILBCDS5879810	10-15m	NA		0.528471	0.471529	0.509865	0.490135	0.00552031
ILBCDS5879811	10-15m	NA		0.07392	0.92608	0.178434	0.821566	-0.025725
ILBCDS5879812	10-15m	NA		0.400313	0.599687	0.080806	0.919194	-0.0343452
ILBCDS5879813	10-15m	NA		0.140019	0.859981	0.223538	0.776462	-0.0200923
ILBCDS5879815	10-15m	NA		0.341915	0.658085	0.134941	0.865059	-0.0232247
ILBCDS5879816	10-15m	NA		0.809665	0.190335	0.524653	0.475347	0.00514078
ILBCDS5879817	10-15m	NA		0.12399	0.87601	0.248034	0.751966	-0.0184512
ILBCDS5879818	10-15m	NA		0.791153	0.208847	0.561379	0.438621	0.00873059
ILBCDS5879819	10-15m	NA		0.587201	0.412799	0.593889	0.406111	0.0135436
ILBCDS5879820	10-15m	NA		0.30355	0.69645	0.0581	0.9419	-0.0315459
ILBCDS5879822	10-15m	NA		0.768962	0.231038	0.094785	0.905215	-0.0293611
ILBCDS5879825	10-15m	NA		0.030819	0.969181	0.513159	0.486841	0.00246152
ILBCDS5879827	10-15m	NA		0.636674	0.363326	0.473913	0.526087	0.00384085
ILBCDS5879828	10-15m	NA		0.209481	0.790519	0.309733	0.690267	-0.00722524
ILBCDS5879829	10-15m	NA		0.159924	0.840076	0.00001	0.99999	-0.0456054
ILBCDS5879830	10-15m	NA		0.00001	0.99999	0.00001	0.99999	-0.039653
ILBCDS5879831	10-15m	NA		0.172936	0.827064	0.112686	0.887314	-0.0207929
ILBCDS5879832	10-15m	NA		0.182111	0.817889	0.00001	0.99999	-0.0451326
ILBCDS5879833	10-15m	NA		0.142302	0.857698	0.00001	0.99999	-0.0391254
ILBCDS5879834	10-15m	NA		0.276838	0.723162	0.00001	0.99999	-0.0437248
ILBCDS5879835	10-15m	NA		0.324582	0.675418	0.00001	0.99999	-0.0291756
ILBCDS5879836	10-15m	NA		0.046129	0.953871	0.057625	0.942375	-0.0392357
ILBCDS5879837	10-15m	NA		0.605733	0.394267	0.445136	0.554864	0.00179144
ILBCDS5879839	10-15m	NA		0.00001	0.99999	0.145543	0.854457	-0.0250375
ILBCDS5879840	10-15m	NA		0.423598	0.576402	0.200262	0.799738	-0.0202319
ILBCDS5879841	10-15m	NA		0.560175	0.439825	0.10453	0.89547	-0.0250054
ILBCDS5879842	10-15m	NA		0.962245	0.037755	0.909388	0.090612	0.0336978
ILBCDS5879843	10-15m	NA		0.646229	0.353771	0.99999	0.00001	0.050013
ILBCDS5879844	10-15m	NA		0.740836	0.259164	0.99999	0.00001	0.050836
ILBCDS5879845	10-15m	NA		0.593921	0.406079	0.832804	0.167196	0.0344424
ILBCDS5879846	10-15m	NA		0.838268	0.161732	0.99999	0.00001	0.0534305
ILBCDS5879847	10-15m	NA		0.971055	0.028945	0.99999	0.00001	0.0535016
ILBCDS5879848	10-15m	NA		0.962099	0.037901	0.99999	0.00001	0.053174
ILBCDS5879849	10-15m	NA		0.99999	0.00001	0.99999	0.00001	0.0550121
ILBCDS5879850	10-15m	NA		0.99999	0.00001	0.99999	0.00001	0.0536281
ILBCDS5879851	10-15m	NA		0.99999	0.00001	0.99999	0.00001	0.0509907
ILBCDS5879852	10-15m	NA		0.99999	0.00001	0.99999	0.00001	0.0569951
ILBCDS5879853	10-15m	NA		0.99999	0.00001	0.99999	0.00001	0.050269
ILBCDS5879854	10-15m	NA		0.99999	0.00001	0.99999	0.00001	0.0540147
ILBCDS5879855	10-15m	NA		0.99999	0.00001	0.99999	0.00001	0.0525521
ILBCDS5879856	10-15m	NA		0.99999	0.00001	0.99999	0.00001	0.0512291
ILBCDS5879857	10-15m	NA		0.99999	0.00001	0.99999	0.00001	0.0506393
ILBCDS5879858	10-15m	NA		0.99999	0.00001	0.99999	0.00001	0.0464503
ILBCDS5879859	10-15m	NA		0.99999	0.00001	0.99999	0.00001	0.0534361
ILBCDS5879860	10-15m	NA		0.99999	0.00001	0.99999	0.00001	0.0454281
ILBCDS5879861	10-15m	NA		0.99999	0.00001	0.99999	0.00001	0.0497151
ILBCDS5879862	10-15m	NA		0.99999	0.00001	0.99999	0.00001	0.0451052
ILBCDS5879863	10-15m	NA		0.99999	0.00001	0.99999	0.00001	0.0524845
ILBCDS5879864	10-15m	NA		0.99999	0.00001	0.99999	0.00001	0.0524326
ILBCDS5879865	10-15m	NA		0.99999	0.00001	0.99999	0.00001	0.0515339
ILBCDS5879866	10-15m	NA		0.99999	0.00001	0.99999	0.00001	0.0476764
ILBCDS5879867	10-15m	NA		0.968998	0.031002	0.999274	0.000726	0.0464342
ILBCDS5879868	10-15m	NA		0.981125	0.018875	0.99999	0.00001	0.0475989
ILBCDS5879869	10-15m	NA		0.605348	0.394652	0.500991	0.499009	0.00437096
ILBCDS5879870	10-15m	NA		0.711553	0.288447	0.99999	0.00001	0.0482165
ILBCDS5879871	10-15m	NA		0.99999	0.00001	0.99999	0.00001	0.0508429
ILBCDS5879872	10-15m	NA		0.983954	0.016046	0.99999	0.00001	0.0472068
ILBCDS5879873	10-15m	NA		0.970033	0.029967	0.967857	0.032143	0.0447849
ILBCDS5879874	10-15m	NA		0.99999	0.00001	0.99999	0.00001	0.0510789
ILBCDS5879875	10-15m	NA		0.648819	0.351181	0.99999	0.00001	0.0496606
ILBCDS5879876	10-15m	NA		0.951354	0.048646	0.99999	0.00001	0.0466169
ILBCDS5879877	10-15m	NA		0.99999	0.00001	0.99999	0.00001	0.0490606
ILBCDS5879878	10-15m	NA		0.99999	0.00001	0.99999	0.00001	0.0537821
ILBCDS5879879	10-15m	NA		0.973564	0.026436	0.99999	0.00001	0.0494309
ILBCDS5879880	10-15m	NA		0.796252	0.203748	0.553596	0.446404	0.0111914
ILBCDS5879881	10-15m	NA		0.725183	0.274817	0.460811	0.539189	0.00654167
ILBCDS5879882	10-15m	NA		0.389504	0.610496	0.622455	0.377545	0.0145414
ILBCDS5879883	10-15m	NA		0.888988	0.111012	0.92136	0.07864	0.0434213
ILBCDS5879884	10-15m	NA		0.430511	0.569489	0.489008	0.510992	0.00543303
ILBCDS5879885	10-15m	NA		0.902252	0.097748	0.590111	0.409889	0.0149529
ILBCDS5879886	10-15m	NA		0.99999	0.00001	0.99999	0.00001	0.0489635
ILBCDS5879887	10-15m	NA		0.643264	0.356736	0.244811	0.755189	-0.0203502
ILBCDS5879888	10-15m	NA		0.283324	0.716676	0.769857	0.230143	0.0261153
ILBCDS5879889	10-15m	NA		0.805943	0.194057	0.822441	0.177559	0.0265044
ILBCDS5879913	10-15m	NA		0.722655	0.277345	0.492295	0.507705	0.00640368
ILBCDS5879914	10-15m	NA		0.99999	0.00001	0.644892	0.355108	0.0172613
ILBCDS5879915	10-15m	NA		0.471576	0.528424	0.135914	0.864086	-0.0281549
ILBCDS5879916	10-15m	NA		0.990541	0.009459	0.99999	0.00001	0.0497068
ILBCDS5879917	10-15m	NA		0.827519	0.172481	0.519254	0.480746	0.00680517
ILBCDS5879918	10-15m	NA		0.983556	0.016444	0.99999	0.00001	0.04953
ILBCDS5879919	10-15m	NA		0.99999	0.00001	0.99999	0.00001	0.0460473
ILBCDS5879920	10-15m	NA		0.950642	0.049358	0.956953	0.043047	0.044767
ILBCDS5879921	10-15m	NA		0.798215	0.201785	0.616017	0.383983	0.0117757
ILBCDS5879922	10-15m	NA		0.99999	0.00001	0.99999	0.00001	0.0516426
ILBCDS5879923	10-15m	NA		0.687255	0.312745	0.890155	0.109845	0.0386442
ILBCDS5879924	10-15m	NA		0.540961	0.459039	0.602828	0.397172	0.012394
ILBCDS5879925	10-15m	NA		0.908994	0.091006	0.766138	0.233862	0.0295728
ILBCDS5879926	10-15m	NA		0.71757	0.28243	0.534875	0.465125	0.00925485
ILBCDS5879927	10-15m	NA		0.536919	0.463081	0.327041	0.672959	-0.00609164
ILBCDS5879928	10-15m	NA		0.725191	0.274809	0.99999	0.00001	0.0506532
ILBCDS5879929	10-15m	NA		0.510019	0.489981	0.547447	0.452553	0.0162747
ILBCDS5879930	10-15m	NA		0.255299	0.744701	0.00001	0.99999	-0.0428694
ILBCDS5879931	10-15m	NA		0.334429	0.665571	0.00001	0.99999	-0.041872
ILBCDS5879932	10-15m	NA		0.211256	0.788744	0.232477	0.767523	-0.017608
ILBCDS5879933	10-15m	NA		0.04284	0.95716	0.055213	0.944787	-0.0282754
ILBCDS5879934	10-15m	NA		0.130856	0.869144	0.070163	0.929837	-0.0294425
ILBCDS5879935	10-15m	NA		0.372322	0.627678	0.206933	0.793067	-0.0249095
ILBCDS5879968	10-15m	NA		0.99999	0.00001	0.99999	0.00001	0.0490037
ILBCDS5879969	10-15m	NA		0.99999	0.00001	0.82306	0.17694	0.0306242
ILBCDS5879970	10-15m	NA		0.799966	0.200034	0.748626	0.251374	0.0242709
ILBCDS5879971	10-15m	NA		0.914676	0.085324	0.99999	0.00001	0.0511473
ILBCDS5879972	10-15m	NA		0.598702	0.401298	0.99999	0.00001	0.0511197
cichl187579992	20-25m	22	22	0.99999	0.00001	0.99999	0.00001	0.0561155
cichl187579993	20-25m	22	22	0.95061	0.04939	0.99999	0.00001	0.0577419
cichl187579994	20-25m	22	22	0.99999	0.00001	0.99999	0.00001	0.0539018
cichl187579995	20-25m	22	22	0.99999	0.00001	0.99999	0.00001	0.0527848
cichl187579996	20-25m	22	22	0.732356	0.267644	0.99999	0.00001	0.0546498
cichl187579997	20-25m	22	22	0.99999	0.00001	0.99999	0.00001	0.0517547
cichl187579998	20-25m	22	22	0.727833	0.272167	0.99999	0.00001	0.0527274
cichl187579999	20-25m	22	22	0.99999	0.00001	0.99999	0.00001	0.05736
cichl187580000	20-25m	22	22	0.99999	0.00001	0.99999	0.00001	0.0579066
cichl187580001	20-25m	22	22	0.926275	0.073725	0.719759	0.280241	0.0253634
cichl187580002	20-25m	22	22	0.669763	0.330237	0.99999	0.00001	0.0571349
cichl187580003	20-25m	22	22	0.634881	0.365119	0.99999	0.00001	0.0486407
cichl187580004	20-25m	22	22	0.987311	0.012689	0.99999	0.00001	0.0511148
cichl187580005	20-25m	22	22	0.99999	0.00001	0.99999	0.00001	0.0570414
cichl187580006	20-25m	22	22	0.71467	0.28533	0.99999	0.00001	0.0577929
cichl187580007	20-25m	22	22	0.99999	0.00001	0.99999	0.00001	0.057696
cichl187580008	20-25m	22	22	0.520949	0.479051	0.99999	0.00001	0.0538239
cichl187580009	20-25m	22	22	0.939479	0.060521	0.99999	0.00001	0.0557025
cichl187580010	20-25m	22	22	0.850493	0.149507	0.558496	0.441504	0.0113615
cichl187580011	20-25m	22	22	0.99999	0.00001	0.99999	0.00001	0.0572465
cichl187580012	20-25m	22	22	0.699653	0.300347	0.99999	0.00001	0.0590233
cichl187580013	20-25m	22	22	0.789027	0.210973	0.820342	0.179658	0.0287619
cichl187580014	20-25m	22	22	0.703361	0.296639	0.891981	0.108019	0.0349683
cichl187580015	20-25m	22	22	0.944549	0.055451	0.99999	0.00001	0.0544185
cichl187580016	20-25m	22	22	0.971984	0.028016	0.981643	0.018357	0.0493431
cichl187580017	20-25m	22	22	0.596459	0.403541	0.48546	0.51454	0.000150297
cichl187580018	20-25m	22	22	0.996113	0.003887	0.99999	0.00001	0.0563047
cichl187580019	20-25m	22	22	0.99999	0.00001	0.99999	0.00001	0.0475443
cichl187580020	20-25m	22	22	0.99999	0.00001	0.99999	0.00001	0.0500566
cichl187580021	20-25m	22	22	0.946985	0.053015	0.936242	0.063758	0.045232
cichl187580022	20-25m	22	22	0.684689	0.315311	0.99999	0.00001	0.0516265
cichl187580023	20-25m	22	22	0.77421	0.22579	0.99999	0.00001	0.0596315
cichl187580024	20-25m	22	22	0.955462	0.044538	0.99999	0.00001	0.0580138
cichl187580025	20-25m	22	22	0.714584	0.285416	0.99999	0.00001	0.0533784
cichl187580026	20-25m	22	22	0.714343	0.285657	0.229878	0.770122	-0.0151474
cichl187580027	20-25m	22	22	0.99999	0.00001	0.99999	0.00001	0.0486838
cichl187580028	20-25m	22	22	0.950477	0.049523	0.99999	0.00001	0.050355
cichl187580029	20-25m	22	22	0.766998	0.233002	0.99999	0.00001	0.0530179
cichl187580030	20-25m	22	22	0.99999	0.00001	0.99999	0.00001	0.0537759
cichl187580031	20-25m	22	22	0.997468	0.002532	0.99999	0.00001	0.0547745
cichl187580032	20-25m	22	22	0.704177	0.295823	0.99999	0.00001	0.0548142
cichl187580033	20-25m	22	22	0.99999	0.00001	0.99999	0.00001	0.0563612
cichl187580034	20-25m	22	22	0.99999	0.00001	0.99999	0.00001	0.0579149
cichl187580035	20-25m	22	22	0.992459	0.007541	0.99999	0.00001	0.0492707
cichl187580036	20-25m	22	22	0.99999	0.00001	0.99999	0.00001	0.0539504
cichl187580037	20-25m	22	22	0.99999	0.00001	0.99999	0.00001	0.0511973
cichl187580038	20-25m	22	22	0.733625	0.266375	0.99999	0.00001	0.0538023
cichl187580039	20-25m	22	22	0.99999	0.00001	0.99999	0.00001	0.0565006
cichl187580040	20-25m	22	22	0.772098	0.227902	0.99999	0.00001	0.059569
cichl187580041	20-25m	22	22	0.99999	0.00001	0.99999	0.00001	0.0545795
cichl187580042	20-25m	22	22	0.685655	0.314345	0.963168	0.036832	0.0457404
cichl187580043	20-25m	22	22	0.99999	0.00001	0.99999	0.00001	0.0556889
cichl187580044	20-25m	22	22	0.99999	0.00001	0.99999	0.00001	0.0552525
cichl187580045	20-25m	22	22	0.99999	0.00001	0.99999	0.00001	0.0546044
cichl187580046	20-25m	22	22	0.857736	0.142264	0.99999	0.00001	0.0534192
cichl187580047	20-25m	22	22	0.941578	0.058422	0.99999	0.00001	0.0576754
cichl187580048	20-25m	22	22	0.99999	0.00001	0.99999	0.00001	0.05173
cichl187580049	20-25m	22	22	0.99999	0.00001	0.99999	0.00001	0.0485916
cichl187580050	20-25m	22	22	0.99999	0.00001	0.99999	0.00001	0.0566091
cichl187580051	20-25m	22	22	0.99999	0.00001	0.99999	0.00001	0.0524603
cichl187580052	20-25m	22	22	0.99999	0.00001	0.99999	0.00001	0.0542686
cichl187580053	20-25m	22	22	0.937075	0.062925	0.99999	0.00001	0.0574926
cichl187580054	20-25m	22	22	0.696931	0.303069	0.99999	0.00001	0.0498751
cichl187580055	20-25m	22	22	0.780772	0.219228	0.99999	0.00001	0.0556593
cichl187580056	20-25m	22	22	0.992794	0.007206	0.99999	0.00001	0.0586614
cichl187580057	20-25m	22	22	0.99999	0.00001	0.99999	0.00001	0.0572637
cichl187580058	20-25m	22	22	0.783286	0.216714	0.99999	0.00001	0.0534188
cichl187580059	20-25m	22	22	0.99999	0.00001	0.99999	0.00001	0.0550247
cichl187580060	20-25m	22	22	0.99999	0.00001	0.99999	0.00001	0.0606095
cichl187580061	20-25m	22	22	0.99999	0.00001	0.99999	0.00001	0.0485345
cichl187580062	20-25m	22	22	0.99999	0.00001	0.99999	0.00001	0.0597855
cichl187580063	20-25m	22	22	0.548828	0.451172	0.600216	0.399784	0.0147923
cichl187580064	20-25m	22	22	0.658092	0.341908	0.99999	0.00001	0.0495473
cichl187580065	20-25m	22	22	0.99999	0.00001	0.99999	0.00001	0.060992
cichl187580066	10-15m	12	12	0.223537	0.776463	0.184072	0.815928	-0.0258294
cichl187580067	10-15m	12	12	0.49245	0.50755	0.556312	0.443688	0.00778931
cichl187580068	10-15m	12	12	0.365473	0.634527	0.26729	0.73271	-0.00998744
cichl187580069	10-15m	12	12	0.416699	0.583301	0.254387	0.745613	-0.0136008
cichl187580070	10-15m	12	12	0.373566	0.626434	0.381593	0.618407	-0.0038272
cichl187580071	10-15m	12	12	0.454041	0.545959	0.294616	0.705384	-0.00866328
cichl187580072	10-15m	12	12	0.414003	0.585997	0.011169	0.988831	-0.0318636
cichl187580073	10-15m	12	12	0.443708	0.556292	0.373522	0.626478	0.00131972
cichl187580074	10-15m	12	12	0.006875	0.993125	0.070119	0.929881	-0.0348393
cichl187580075	10-15m	12	12	0.248935	0.751065	0.014271	0.985729	-0.0422551
cichl187580076	10-15m	12	12	0.426236	0.573764	0.048926	0.951074	-0.0314342
cichl187580077	10-15m	12	12	0.507183	0.492817	0.505869	0.494131	0.00665677
cichl187580078	10-15m	12	12	0.00001	0.99999	0.00001	0.99999	-0.0439414
cichl187580079	10-15m	12	12	0.070831	0.929169	0.00001	0.99999	-0.0464622
cichl187580080	10-15m	12	12	0.18312	0.81688	0.00001	0.99999	-0.0477479
cichl187580081	10-15m	12	12	0.606797	0.393203	0.543732	0.456268	0.00330124
cichl187580082	10-15m	12	12	0.663084	0.336916	0.00001	0.99999	-0.0410684
cichl187580083	10-15m	12	12	0.228296	0.771704	0.00001	0.99999	-0.0469293
cichl187580084	10-15m	12	12	0.057003	0.942997	0.00001	0.99999	-0.0412177
cichl187580085	10-15m	12	12	0.203161	0.796839	0.00001	0.99999	-0.0438213
cichl187580086	10-15m	12	12	0.192264	0.807736	0.00001	0.99999	-0.0375853
cichl187580087	10-15m	12	12	0.359156	0.640844	0.00001	0.99999	-0.0422534
cichl187580088	10-15m	12	12	0.555886	0.444114	0.00001	0.99999	-0.0417595
cichl187580089	10-15m	12	12	0.677407	0.322593	0.414687	0.585313	0.00201327
cichl187580090	10-15m	12	12	0.014125	0.985875	0.00001	0.99999	-0.0408418
cichl187580091	10-15m	12	12	0.00001	0.99999	0.00001	0.99999	-0.0582462
cichl187580092	10-15m	12	12	0.00001	0.99999	0.00001	0.99999	-0.037355
cichl187580093	10-15m	12	12	0.99999	0.00001	0.597028	0.402972	0.010751
cichl187580094	10-15m	12	12	0.074496	0.925504	0.00001	0.99999	-0.0413988
cichl187580095	10-15m	12	12	0.24155	0.75845	0.094484	0.905516	-0.0229749
cichl187580096	10-15m	12	12	0.333413	0.666587	0.00001	0.99999	-0.0571626
cichl187580097	10-15m	12	12	0.410498	0.589502	0.503716	0.496284	0.00248771
cichl187580098	10-15m	12	12	0.666892	0.333108	0.00001	0.99999	-0.0403241
cichl187580099	10-15m	12	12	0.22457	0.77543	0.072603	0.927397	-0.0258909
cichl187580100	10-15m	12	12	0.286094	0.713906	0.00001	0.99999	-0.0376659
cichl187580101	10-15m	12	12	0.512242	0.487758	0.504184	0.495816	0.0043036
cichl187580102	10-15m	12	12	0.450534	0.549466	0.599364	0.400636	0.0128756
cichl187580103	10-15m	12	12	0.328931	0.671069	0.604121	0.395879	0.0140625
cichl187580104	10-15m	12	12	0.786517	0.213483	0.502479	0.497521	0.000135682
cichl187580105	10-15m	12	12	0.341751	0.658249	0.00001	0.99999	-0.0492383
cichl187580106	10-15m	12	12	0.101354	0.898646	0.00001	0.99999	-0.0336581
cichl187580107	10-15m	12	12	0.10202	0.89798	0.00001	0.99999	-0.0454502
cichl187580108	10-15m	12	12	0.00001	0.99999	0.00001	0.99999	-0.0427789
cichl187580109	10-15m	12	12	0.112454	0.887546	0.00001	0.99999	-0.0365167
cichl187580110	10-15m	12	12	0.353622	0.646378	0.00001	0.99999	-0.040261
cichl187580111	10-15m	12	12	0.447897	0.552103	0.00001	0.99999	-0.0392651
cichl187580112	10-15m	12	12	0.021065	0.978935	0.00001	0.99999	-0.0454028
cichl187580113	10-15m	12	12	0.140595	0.859405	0.00001	0.99999	-0.0439402
cichl187580114	10-15m	12	12	0.136291	0.863709	0.00001	0.99999	-0.04286
cichl187580115	10-15m	12	12	0.325145	0.674855	0.00001	0.99999	-0.0554302
cichl187580116	10-15m	12	12	0.203313	0.796687	0.00001	0.99999	-0.0614644
cichl187580117	10-15m	12	12	0.096551	0.903449	0.102823	0.897177	-0.0262651
cichl187580118	10-15m	12	12	0.00001	0.99999	0.00001	0.99999	-0.0382946
cichl187580119	10-15m	12	12	0.606006	0.393994	0.015577	0.984423	-0.0417569
cichl187580120	10-15m	12	12	0.565545	0.434455	0.057516	0.942484	-0.024922
cichl187580121	10-15m	12	12	0.451963	0.548037	0.00001	0.99999	-0.0387305
cichl187580122	10-15m	12	12	0.091211	0.908789	0.00001	0.99999	-0.060415
cichl187580123	10-15m	12	12	0.123831	0.876169	0.00001	0.99999	-0.0296859
cichl187580124	10-15m	12	12	0.228437	0.771563	0.00001	0.99999	-0.0429832
cichl187580125	10-15m	12	12	0.01342	0.98658	0.00001	0.99999	-0.0411646
cichl187580126	10-15m	12	12	0.486569	0.513431	0.00001	0.99999	-0.0452464
cichl187580127	10-15m	12	12	0.094949	0.905051	0.00001	0.99999	-0.0502079
cichl187580128	10-15m	12	12	0.233258	0.766742	0.00001	0.99999	-0.0368858
cichl187580129	10-15m	12	12	0.028012	0.971988	0.00001	0.99999	-0.0453575
cichl187580130	10-15m	12	12	0.496012	0.503988	0.00001	0.99999	-0.0483584
cichl187580131	10-15m	12	12	0.547012	0.452988	0.00001	0.99999	-0.0450192
cichl187580132	10-15m	12	12	0.07939	0.92061	0.00001	0.99999	-0.0368359
cichl187580133	10-15m	12	12	0.546755	0.453245	0.00001	0.99999	-0.0524168
cichl187580134	10-15m	12	12	0.399947	0.600053	0.00001	0.99999	-0.037176
cichl187580135	10-15m	12	12	0.389331	0.610669	0.00001	0.99999	-0.0580315
cichl187580136	10-15m	12	12	0.187283	0.812717	0.00001	0.99999	-0.0531957
cichl187580137	10-15m	12	12	0.366251	0.633749	0.00001	0.99999	-0.0453174
cichl187580138	10-15m	12	12	0.330161	0.669839	0.00001	0.99999	-0.0542496
cichl187580139	10-15m	12	12	0.00001	0.99999	0.00001	0.99999	-0.0347679
cichl187580140	10-15m	12	12	0.311944	0.688056	0.00001	0.99999	-0.0453541
cichl187580141	10-15m	12	12	0.371766	0.628234	0.00001	0.99999	-0.0435857
cichl187580142	10-15m	12	12	0.163079	0.836921	0.00001	0.99999	-0.0369043
cichl187580143	10-15m	12	12	0.00001	0.99999	0.00001	0.99999	-0.0403182
cichl187580144	10-15m	12	12	0.459958	0.540042	0.00001	0.99999	-0.0502792
cichl187580145	10-15m	12	12	0.00001	0.99999	0.00001	0.99999	-0.0442023
cichl187580146	10-15m	12	12	0.367265	0.632735	0.00001	0.99999	-0.0457926
cichl187580147	10-15m	12	12	0.00001	0.99999	0.00001	0.99999	-0.0549419
cichl187580148	10-15m	12	12	0.212295	0.787705	0.00001	0.99999	-0.0355174
cichl187580149	10-15m	12	12	0.14949	0.85051	0.00001	0.99999	-0.0493629
cichl187580150	10-15m	12	12	0.016191	0.983809	0.00001	0.99999	-0.0485151
cichl187580151	10-15m	12	12	0.311377	0.688623	0.00001	0.99999	-0.0433249
cichl187580152	10-15m	12	12	0.355939	0.644061	0.00001	0.99999	-0.0482737
cichl187580153	10-15m	12	12	0.456344	0.543656	0.106764	0.893236	-0.0219718
cichl187580154	10-15m	12	12	0.417904	0.582096	0.029699	0.970301	-0.0258481
cichl187580155	10-15m	12	12	0.387754	0.612246	0.101878	0.898122	-0.0238828
cichl187580156	10-15m	12	12	0.832262	0.167738	0.398957	0.601043	-0.00523403
cichl187580157	10-15m	12	12	0.945856	0.054144	0.705951	0.294049	0.0265553
cichl187580158	10-15m	12	12	0.431215	0.568785	0.00001	0.99999	-0.0476633
cichl187580159	10-15m	12	12	0.280964	0.719036	0.00001	0.99999	-0.0488833
cichl187580160	10-15m	12	12	0.469247	0.530753	0.404274	0.595726	0.00399649
cichl187580161	10-15m	12	12	0.64474	0.35526	0.316192	0.683808	-0.0125148
cichl187580162	10-15m	12	12	0.919415	0.080585	0.792005	0.207995	0.0308712
cichl187580163	10-15m	12	12	0.555725	0.444275	0.696925	0.303075	0.0210813
cichl187580164	0-5m	3	3	0.144515	0.855485	0.00001	0.99999	-0.042393
cichl187580165	0-5m	3	3	0.33122	0.66878	0.00001	0.99999	-0.0505028
cichl187580166	0-5m	3	3	0.312251	0.687749	0.00001	0.99999	-0.0594553
cichl187580167	0-5m	3	3	0.133546	0.866454	0.00001	0.99999	-0.0379307
cichl187580168	0-5m	3	3	0.00001	0.99999	0.00001	0.99999	-0.0563549
cichl187580169	0-5m	3	3	0.450118	0.549882	0.00001	0.99999	-0.0389463
cichl187580170	0-5m	3	3	0.708165	0.291835	0.093497	0.906503	-0.0364235
cichl187580171	0-5m	3	3	0.14784	0.85216	0.00001	0.99999	-0.0496349
cichl187580172	0-5m	3	3	0.538552	0.461448	0.486153	0.513847	0.0029051
cichl187580173	0-5m	3	3	0.033721	0.966279	0.138723	0.861277	-0.0228797
cichl187580174	0-5m	3	3	0.092802	0.907198	0.00001	0.99999	-0.0458223
cichl187580175	0-5m	3	3	0.323329	0.676671	0.011756	0.988244	-0.0322237
cichl187580176	0-5m	3	3	0.425399	0.574601	0.00001	0.99999	-0.0535826
cichl187580177	0-5m	3	3	0.058498	0.941502	0.00001	0.99999	-0.0393934
cichl187580178	0-5m	3	3	0.392186	0.607814	0.00001	0.99999	-0.0543756
cichl187580179	0-5m	3	3	0.415578	0.584422	0.00001	0.99999	-0.0382154
cichl187580180	0-5m	3	3	0.222785	0.777215	0.00001	0.99999	-0.0466438
cichl187580181	0-5m	3	3	0.148612	0.851388	0.00001	0.99999	-0.0587166
cichl187580182	0-5m	3	3	0.050987	0.949013	0.00001	0.99999	-0.0508434
cichl187580183	0-5m	3	3	0.671737	0.328263	0.190094	0.809906	-0.015317
cichl187580184	0-5m	3	3	0.520529	0.479471	0.00001	0.99999	-0.0465971
cichl187580185	0-5m	3	3	0.00001	0.99999	0.00001	0.99999	-0.0313197
cichl187580186	0-5m	3	3	0.097499	0.902501	0.00001	0.99999	-0.0351325
cichl187580187	0-5m	3	3	0.00001	0.99999	0.00001	0.99999	-0.0661109
cichl187580188	0-5m	3	3	0.073659	0.926341	0.00001	0.99999	-0.0627885
cichl187580189	0-5m	3	3	0.304696	0.695304	0.042748	0.957252	-0.0265394
cichl187580190	0-5m	3	3	0.00001	0.99999	0.00001	0.99999	-0.0448217
cichl187580191	0-5m	3	3	0.357347	0.642653	0.00001	0.99999	-0.0430813
cichl187580192	0-5m	3	3	0.166969	0.833031	0.018502	0.981498	-0.0336179
cichl187580193	0-5m	3	3	0.286734	0.713266	0.00001	0.99999	-0.0434407
cichl187580194	0-5m	3	3	0.040084	0.959916	0.00001	0.99999	-0.0338566
cichl187580195	0-5m	3	3	0.484907	0.515093	0.068078	0.931922	-0.0293528
cichl187580196	0-5m	3	3	0.206505	0.793495	0.01751	0.98249	-0.030089
cichl187580197	0-5m	3	3	0.00001	0.99999	0.00001	0.99999	-0.0386064
cichl187580198	0-5m	3	3	0.281475	0.718525	0.00001	0.99999	-0.0360453
cichl187580199	0-5m	3	3	0.184385	0.815615	0.00001	0.99999	-0.0502029
cichl187580200	0-5m	3	3	0.00001	0.99999	0.00001	0.99999	-0.0434125
cichl187580201	0-5m	3	3	0.28418	0.71582	0.00001	0.99999	-0.0554805
cichl187580202	0-5m	3	3	0.00001	0.99999	0.00001	0.99999	-0.0459132
cichl187580203	0-5m	3	3	0.291444	0.708556	0.00001	0.99999	-0.0367868
cichl187580204	0-5m	3	3	0.410501	0.589499	0.00001	0.99999	-0.0468089
cichl187580205	0-5m	3	3	0.249361	0.750639	0.00001	0.99999	-0.0409471
cichl187580206	0-5m	3	3	0.624138	0.375862	0.052476	0.947524	-0.0245702
cichl187580207	0-5m	3	3	0.108905	0.891095	0.00001	0.99999	-0.0444754
cichl187580208	0-5m	3	3	0.00001	0.99999	0.00001	0.99999	-0.0453511
cichl187580209	0-5m	3	3	0.413047	0.586953	0.104142	0.895858	-0.0214531
cichl187580210	0-5m	3	3	0.68965	0.31035	0.007028	0.992972	-0.0415459
cichl187580211	0-5m	3	3	0.283374	0.716626	0.00001	0.99999	-0.0444138
cichl187580212	0-5m	3	3	0.387332	0.612668	0.011161	0.988839	-0.0402564
cichl187580213	0-5m	3	3	0.489726	0.510274	0.00001	0.99999	-0.0451355
cichl187580214	0-5m	3	3	0.47063	0.52937	0.208624	0.791376	-0.0215138
cichl187580215	0-5m	3	3	0.037776	0.962224	0.016196	0.983804	-0.0310219
cichl187580216	0-5m	3	3	0.322336	0.677664	0.00001	0.99999	-0.0502169
cichl187580217	0-5m	3	3	0.141812	0.858188	0.00001	0.99999	-0.0460702
cichl187580218	0-5m	3	3	0.639154	0.360846	0.00001	0.99999	-0.0386225
cichl187580219	0-5m	3	3	0.710658	0.289342	0.366264	0.633736	-0.00172403
cichl187580220	0-5m	3	3	0.188331	0.811669	0.00001	0.99999	-0.0506207
cichl187580221	0-5m	3	3	0.103806	0.896194	0.00001	0.99999	-0.0424055
cichl187580222	0-5m	3	3	0.294232	0.705768	0.00001	0.99999	-0.0481584
cichl187580223	0-5m	3	3	0.177826	0.822174	0.00001	0.99999	-0.0382239
cichl187580224	0-5m	3	3	0.093135	0.906865	0.245205	0.754795	-0.0121867
cichl187580225	0-5m	3	3	0.040929	0.959071	0.00001	0.99999	-0.0355815
cichl187580226	0-5m	3	3	0.00001	0.99999	0.00001	0.99999	-0.0502776
cichl187580227	0-5m	3	3	0.00001	0.99999	0.059185	0.940815	-0.0208148
cichl187580228	0-5m	3	3	0.437939	0.562061	0.00001	0.99999	-0.0383283
cichl187580229	0-5m	3	3	0.012555	0.987445	0.023244	0.976756	-0.0360356
cichl187580230	0-5m	3	3	0.361214	0.638786	0.00001	0.99999	-0.0424011
cichl187580231	0-5m	3	3	0.78867	0.21133	0.126038	0.873962	-0.0239325
cichl187580472	0-5m	3	3	0.274074	0.725926	0.00001	0.99999	-0.0582228
cichl187580473	5-10m	7	7	0.291298	0.708702	0.455275	0.544725	-0.00361747
cichl187580474	5-10m	7	7	0.045606	0.954394	0.231821	0.768179	-0.0204725
cichl187580475	0-5m	3	3	0.403629	0.596371	0.182758	0.817242	-0.0219332
cichl187580476	15-20m	18	18	0.82925	0.17075	0.647002	0.352998	0.0154915
cichl187580477	15-20m	18	18	0.201647	0.798353	0.257511	0.742489	-0.0083362
cichl187580478	5-10m	7	7	0.869799	0.130201	0.549951	0.450049	0.00672358
cichl187580479	10-15m	12	12	0.566157	0.433843	0.546737	0.453263	0.00659221
cichl187580480	5-10m	7	7	0.371384	0.628616	0.157213	0.842787	-0.026149
cichl187580481	5-10m	7	7	0.307268	0.692732	0.026678	0.973322	-0.0342633
cichl187580482	10-15m	12	12	0.210802	0.789198	0.539068	0.460932	0.00338335
cichl187580483	10-15m	12	12	0.290346	0.709654	0.00001	0.99999	-0.0355353
cichl187580484	5-10m	7	7	0.321564	0.678436	0.326272	0.673728	-0.00629916
cichl187580485	5-10m	7	7	0.637248	0.362752	0.85941	0.14059	0.0322521
cichl187580486	0-5m	3	3	0.405183	0.594817	0.60549	0.39451	0.0109063
cichl187580487	0-5m	3	3	0.00001	0.99999	0.00001	0.99999	-0.0388521
cichl187580488	0-5m	3	3	0.100938	0.899062	0.00001	0.99999	-0.0423422
cichl187580489	20-25m	22	22	0.414403	0.585597	0.614893	0.385107	0.011792
cichl187580490	10-15m	12	12	0.384712	0.615288	0.221344	0.778656	-0.0115943
cichl187580491	10-15m	12	12	0.055545	0.944455	0.085929	0.914071	-0.0278275
cichl187580492	10-15m	12	12	0.433322	0.566678	0.005408	0.994592	-0.0310852
cichl187580493	15-20m	18	18	0.609532	0.390468	0.717888	0.282112	0.0215552
cichl187580494	15-20m	18	18	0.901366	0.098634	0.99999	0.00001	0.0546508
cichl187580495	15-20m	18	18	0.496641	0.503359	0.572174	0.427826	0.00471435
cichl187580496	15-20m	18	18	0.368486	0.631514	0.270353	0.729647	-0.00434814
cichl187580497	15-20m	18	18	0.99999	0.00001	0.99999	0.00001	0.0477255
cichl187580498	15-20m	18	18	0.37882	0.62118	0.347964	0.652036	-0.00369553
cichl187580499	15-20m	18	18	0.530903	0.469097	0.244197	0.755803	-0.011302
cichl187580500	0-5m	3	3	0.00001	0.99999	0.00001	0.99999	-0.0479673
cichl187580501	0-5m	3	3	0.111836	0.888164	0.00001	0.99999	-0.0457486
cichl187580502	0-5m	3	3	0.225179	0.774821	0.057967	0.942033	-0.036802
cichl187580503	20-25m	22	22	0.709316	0.290684	0.76918	0.23082	0.0307947
cichl187580504	15-20m	18	18	0.165261	0.834739	0.00001	0.99999	-0.0592453
cichl187580505	15-20m	18	18	0.480379	0.519621	0.329861	0.670139	-0.00447018
cichl187580506	15-20m	18	18	0.677664	0.322336	0.253065	0.746935	-0.0127918
cichl187580507	15-20m	18	18	0.020361	0.979639	0.397503	0.602497	0.00860816
cichl187580508	20-25m	22	22	0.93686	0.06314	0.802706	0.197294	0.0309927
cichl187580509	20-25m	22	22	0.290899	0.709101	0.597567	0.402433	0.0146365
cichl187580510	20-25m	22	22	0.206629	0.793371	0.516235	0.483765	0.01083
cichl187580511	5-10m	7	7	0.366462	0.633538	0.366132	0.633868	0.0023742
cichl187580512	0-5m	3	3	0.274567	0.725433	0.00001	0.99999	-0.036873
cichl187580513	0-5m	3	3	0.304704	0.695296	0.116744	0.883256	-0.0283017
cichl187580514	5-10m	7	7	0.929826	0.070174	0.747248	0.252752	0.023032
cichl187580515	20-25m	22	22	0.397655	0.602345	0.00001	0.99999	-0.0434307
cichl187580516	20-25m	22	22	0.171996	0.828004	0.045987	0.954013	-0.025746
cichl187580517	0-5m	3	3	0.264623	0.735377	0.00001	0.99999	-0.0406471
cichl187580518	0-5m	3	3	0.638225	0.361775	0.209031	0.790969	-0.0171389
cichl187580519	5-10m	7	7	0.139127	0.860873	0.119971	0.880029	-0.0263541
cichl187580520	5-10m	7	7	0.683003	0.316997	0.58174	0.41826	0.0117402
cichl187580521	5-10m	7	7	0.435013	0.564987	0.576399	0.423601	0.0140494
cichl187580522	5-10m	7	7	0.00001	0.99999	0.00001	0.99999	-0.0483622
cichl187580523	5-10m	7	7	0.144389	0.855611	0.00001	0.99999	-0.0320607
cichl187580524	5-10m	7	7	0.345785	0.654215	0.228342	0.771658	-0.00963754
cichl187580525	5-10m	7	7	0.458562	0.541438	0.00001	0.99999	-0.0380903
cichl187580526	5-10m	7	7	0.469999	0.530001	0.068065	0.931935	-0.0234386
cichl187580527	5-10m	7	7	0.207978	0.792022	0.00001	0.99999	-0.0579307
cichl187580528	20-25m	22	22	0.99999	0.00001	0.973803	0.026197	0.0558315
cichl187580529	20-25m	22	22	0.99999	0.00001	0.99999	0.00001	0.0554115
cichl187580530	20-25m	22	22	0.937538	0.062462	0.99999	0.00001	0.0576151
cichl187580531	20-25m	22	22	0.99999	0.00001	0.99999	0.00001	0.0578522
cichl187580532	20-25m	22	22	0.721674	0.278326	0.99999	0.00001	0.0555156
cichl187580533	20-25m	22	22	0.688202	0.311798	0.99999	0.00001	0.0565034
cichl187580534	20-25m	22	22	0.99999	0.00001	0.99999	0.00001	0.0520111
cichl187580535	20-25m	22	22	0.964774	0.035226	0.99999	0.00001	0.0508355
cichl187580536	15-20m	18	18	0.70451	0.29549	0.99999	0.00001	0.0528973
cichl187580537	0-5m	3	3	0.403941	0.596059	0.137385	0.862615	-0.0223474
cichl187580538	20-25m	22	22	0.936486	0.063514	0.99999	0.00001	0.0505558
cichl187580539	0-5m	3	3	0.327891	0.672109	0.050194	0.949806	-0.0391791
cichl187580540	0-5m	3	3	0.687584	0.312416	0.119011	0.880989	-0.0274069
cichl187580541	0-5m	3	3	0.242196	0.757804	0.00001	0.99999	-0.0473062
cichl187580542	0-5m	3	3	0.275991	0.724009	0.00001	0.99999	-0.0538691
cichl187580543	0-5m	3	3	0.479861	0.520139	0.00001	0.99999	-0.0344007
cichl187580544	0-5m	3	3	0.212388	0.787612	0.00001	0.99999	-0.0431219
cichl187580545	0-5m	3	3	0.416879	0.583121	0.00001	0.99999	-0.045904
cichl187580546	15-20m	18	18	0.964453	0.035547	0.99999	0.00001	0.055525
cichl187580547	15-20m	18	18	0.99999	0.00001	0.99999	0.00001	0.0606686
cichl187580548	15-20m	18	18	0.892864	0.107136	0.99999	0.00001	0.05899
cichl187580549	15-20m	18	18	0.99819	0.00181	0.99999	0.00001	0.053611
cichl187580550	15-20m	18	18	0.99999	0.00001	0.99999	0.00001	0.0572526
cichl187580551	15-20m	18	18	0.466398	0.533602	0.99999	0.00001	0.0563519
cichl187580552	15-20m	18	18	0.969527	0.030473	0.99999	0.00001	0.0520845
cichl187580553	15-20m	18	18	0.99999	0.00001	0.99999	0.00001	0.0529112
cichl187580554	15-20m	18	18	0.950659	0.049341	0.99999	0.00001	0.0533754
cichl187580555	15-20m	18	18	0.520542	0.479458	0.775819	0.224181	0.027354
cichl187580556	15-20m	18	18	0.99999	0.00001	0.99999	0.00001	0.0552076
cichl187580557	0-5m	3	3	0.197944	0.802056	0.00001	0.99999	-0.0354659
cichl187580558	0-5m	3	3	0.268254	0.731746	0.00001	0.99999	-0.0540261
cichl187580559	0-5m	3	3	0.332378	0.667622	0.00001	0.99999	-0.0288095
cichl187580560	0-5m	3	3	0.237892	0.762108	0.00001	0.99999	-0.043011
cichl187580561	0-5m	3	3	0.075511	0.924489	0.00001	0.99999	-0.032641
cichl187580562	0-5m	3	3	0.127231	0.872769	0.00001	0.99999	-0.0403626
cichl187580563	0-5m	3	3	0.563459	0.436541	0.00001	0.99999	-0.0402011
cichl187580564	0-5m	3	3	0.213117	0.786883	0.083909	0.916091	-0.017017
cichl187580565	0-5m	3	3	0.221618	0.778382	0.00001	0.99999	-0.0343298
cichl187580566	0-5m	3	3	0.170623	0.829377	0.00001	0.99999	-0.0517745
cichl187580567	0-5m	3	3	0.62533	0.37467	0.154188	0.845812	-0.0195137